data/porte2.obj
newmtl Material
newmtl Material.001
newmtl Material.003
v -1.67072 0.122837 -2.168
v -1.69289 -0.700609 -2.4068
v 0.264666 0.221279 -1.99786
v 0.087875 -0.532715 -2.38173
v -1.69589 -1.50512 -2.40366
v 0.045993 -1.43983 -2.35304
v -1.68723 -0.325851 -2.35292
v 0.087103 -0.212388 -2.29668
v -2.07831 0.1429 -2.21255
v -2.33458 -0.830915 -2.28959
v -2.17561 -1.48994 -2.28478
v -2.27299 -0.549554 -2.32564
v -1.42278 0.88062 -1.89325
v 0.251545 1.08275 -1.77329
v -1.93121 0.622129 -1.94832
v -0.761486 0.149283 -2.07869
v -0.774658 -0.605078 -2.41255
v -0.800658 -1.5104 -2.41338
v -0.774651 -0.213437 -2.33013
v -0.592234 1.08175 -1.78536
v -1.69096 -1.0009 -2.39433
v 0.08727 -0.956522 -2.38405
v -2.28258 -1.04938 -2.33641
v -0.776406 -0.983396 -2.4162
v -1.6898 -0.825757 -2.40975
v 0.087903 -0.700847 -2.38712
v -2.30422 -0.928755 -2.29963
v -0.774658 -0.757848 -2.41794
v -2.3994 0.082362 -2.18758
v -2.00529 0.569008 -1.98179
v -1.68787 -0.095205 -2.25721
v 0.098904 -0.049728 -2.14629
v -2.28689 -0.193834 -2.27298
v -0.774538 -0.056124 -2.19954
v -2.46273 -0.194472 -2.24127
v 0.566163 0.213828 -1.98932
v 0.581453 -0.541549 -2.34491
v 0.398607 -1.33909 -2.35636
v 0.57143 -0.19584 -2.26495
v 0.469229 1.03474 -1.78732
v 0.571256 -0.94624 -2.35077
v 0.583487 -0.709959 -2.35136
v 0.560178 -0.03856 -2.1251
v 0.20425 1.04111 -1.73479
v -0.565395 1.02152 -1.76606
v -1.40569 0.849013 -1.87798
v -1.66498 0.155153 -2.12817
v -0.758886 0.198755 -2.03347
v 0.207439 0.275437 -1.93394
v -1.94871 0.598582 -1.93072
v -2.04292 0.171429 -2.17633
v 0.322576 0.544203 -1.90539
v 0.529689 0.545792 -1.90144
v -2.01509 0.334488 -2.0838
v 0.219552 0.543166 -1.8772
v -0.697447 0.513284 -1.93105
v -1.57818 0.421821 -2.03039
v -1.98537 0.572658 -1.95664
v -2.0531 0.305831 -2.11115
v -2.09492 0.186907 -2.19484
v -2.03053 0.535552 -1.98181
v -2.38011 0.122396 -2.16305
v -2.24374 0.281196 -2.09094
vn -0.052 0.2496 -0.9669
vn -0.0826 0.0667 -0.9943
vn -0.1592 0.0343 -0.9866
vn -0.1093 0.1154 -0.9873
vn 0.0121 0.4064 -0.9136
vn 0.0098 0.117 -0.9931
vn 0.0389 0.461 -0.8865
vn 0.05 0.1384 -0.9891
vn -0.1526 0.0051 -0.9883
vn -0.0846 -0.007 -0.9964
vn -0.0888 -0.0272 -0.9957
vn -0.1606 -0.0615 -0.9851
vn 0.0158 -0.0214 -0.9996
vn 0.0172 -0.0139 -0.9997
vn 0.0507 -0.0238 -0.9984
vn 0.0498 -0.0378 -0.998
vn -0.1656 0.0445 -0.9852
vn -0.0887 0.0177 -0.9959
vn 0.0115 0.0031 -0.9999
vn 0.0535 0.013 -0.9985
vn -0.083 0.2427 -0.9665
vn 0.0062 0.3598 -0.933
vn 0.0766 0.4111 -0.9083
vn 0.0666 0.5548 -0.8293
vn 0.0333 0.5237 -0.8512
vn 0.0383 0.5992 -0.7996
vn 0.0335 0.5749 -0.8175
vn -0.0378 0.4524 -0.891
vn -0.1524 0.315 -0.9367
vn -0.1392 0.2403 -0.9606
vn 0.045 0.4731 -0.8798
vn 0.0703 0.1371 -0.988
vn 0.0583 -0.0214 -0.998
vn 0.0409 -0.0389 -0.9984
vn 0.0721 0.0132 -0.9973
vn 0.0297 0.3727 -0.9275
vn 0.0272 0.5728 -0.8192
vn 0.0782 -0.0809 -0.9936
vn 0.1243 -0.3625 -0.9236
vn -0.1676 0.0269 -0.9855
vn -0.1415 -0.0556 -0.9883
vn 0.1608 -0.0436 -0.986
vn 0.2624 -0.3945 -0.8806
vn 0.0788 0.5609 -0.8241
vn 0.05 0.5237 -0.8504
vn -0.141 0.4456 -0.8841
vn 0.4154 -0.1512 -0.897
vn 0.4389 -0.5626 -0.7006
vn 0.2746 0.5211 -0.8081
vn -0.0056 0.3958 -0.9183
vn 0.6693 -0.5963 -0.4433
vn 0.5784 -0.129 -0.8054
vn 0.0584 0.5048 -0.8612
vn -0.1801 0.4814 -0.8578
vn 0.1313 0.4915 -0.8609
vn -0.1723 0.5522 -0.8157
vn 0.1822 0.414 -0.8918
vn 0.0644 0.286 -0.956
vn -0.2004 0.2589 -0.9449
vn 0.0356 0.3576 -0.9332
vn -0.1909 0.2482 -0.9497
vn 0.0153 0.25 -0.9681
vn 0.0024 0.2333 -0.9724
curmat=0
1 2 3 4 7 4 2 10 12
1 2 3 4 19 1 17 2 7
1 2 3 4 8 5 4 17 19
1 2 3 4 23 12 21 5 11
1 2 3 4 21 11 24 18 5
1 2 3 4 24 14 22 6 18
1 2 3 4 27 9 25 21 23
1 2 3 4 10 17 2 25 27
1 2 3 4 25 10 28 24 21
1 2 3 4 2 18 17 28 25
1 2 3 4 28 13 26 22 24
1 2 3 4 17 19 4 26 28
1 2 3 4 33 4 31 7 12
1 2 3 4 9 21 1 31 33
1 2 3 4 31 1 34 19 7
1 2 3 4 1 22 16 34 31
1 2 3 4 34 5 32 8 19
1 2 3 4 16 25 3 32 34
1 2 3 4 29 30 9 33 35
1 2 3 4 39 7 37 4 8
1 2 3 4 6 34 22 41 38
1 2 3 4 22 33 26 42 41
1 2 3 4 26 35 4 37 42
1 2 3 4 36 28 43 32 3
1 2 3 4 43 27 39 8 32
1 2 3 4 45 41 20 14 44
1 2 3 4 46 38 13 20 45
1 2 3 4 1 26 47 48 16
1 2 3 4 49 45 3 16 48
1 2 3 4 50 42 15 13 46
1 2 3 4 47 49 1 9 51
1 2 3 4 61 52 30 15 58
1 2 3 4 60 54 9 29 62
1 2 3 4 59 52 63 61 58
1 2 3 4 60 55 62 63 59
1 2 3 4 54 55 51 9 59
1 2 3 4 59 57 58 50 54
1 2 3 4 59 53 51 9 60
curmat=1
1 2 3 4 56 45 55 49 48
1 2 3 4 45 58 44 55 56
1 2 3 4 57 44 56 48 47
1 2 3 4 46 60 45 56 57
1 2 3 4 57 42 54 50 46
1 2 3 4 47 60 51 54 57
curmat=2
1 2 3 4 52 28 53 36 3
1 2 3 4 14 61 40 53 52
1 2 3 4 55 46 52 3 49
1 2 3 4 44 59 14 52 55
numvertex :63 63 49 3
1.....
2.....
2.....
2.....
2.....
2.....
2.....
2.....
2.....
2.....
2.....
2.....
2.....
2.....
2.....
2.....
2.....
2.....
2.....
2.....
2.....
2.....
2.....
2.....
2.....
2.....
2.....
2.....
2.....
2.....
2.....
2.....
2.....
2.....
2.....
2.....
2.....
2.....
2.....
2.....
1.....
2.....
2.....
2.....
2.....
2.....
2.....
1.....
2.....
2.....
2.....
2.....
3.....
